0 0.0404575888671875 0.693359375 0.1004464287109375 0.7059151787109375 0.1576450888671875 0.6710379462890625 0.179966517578125 0.609654017578125 0.2134486611328125 0.591517857421875 0.2329799111328125 0.6654575888671875 0.2553013388671875 0.738002232421875 0.3125 0.746372767578125 0.3292410712890625 0.732421875 0.326450892578125 0.687779017578125 0.33203125 0.6124441962890625 0.33203125 0.5691964287109375 0.3348214287109375 0.523158482421875 0.308314732421875 0.5050223212890625 0.267857142578125 0.5189732138671875 0.234375 0.5147879462890625 0.2078683037109375 0.5050223212890625 0.171595982421875 0.4952566962890625 0.160435267578125 0.4422433037109375 0.1590401787109375 0.404575892578125 0.161830357421875 0.3627232138671875 0.171595982421875 0.3208705361328125 0.181361607421875 0.288783482421875 0.2511160712890625 0.302734375 0.3125 0.2915736611328125 0.316685267578125 0.2566964287109375 0.2845982138671875 0.2427455361328125 0.2371651787109375 0.2553013388671875 0.1785714287109375 0.230189732421875 0.1436941962890625 0.1981026787109375 0.1088169638671875 0.1841517861328125 0.0669642861328125 0.146484375 0.0390625 0.1171875 0.004185267578125 0.111607142578125 0 0.658482142578125 0.0125558037109375 0.6821986611328125 0.0404575888671875 0.693359375
0 0 1 0.025111607421875 0.9877232138671875 0.033482142578125 0.9458705361328125 0.0418526787109375 0.922154017578125 0.0851004462890625 0.9388950888671875 0.1339285712890625 0.9361049111328125 0.1576450888671875 0.9068080361328125 0.15625 0.864955357421875 0.1297433037109375 0.8272879462890625 0.068359375 0.78125 0.0320870537109375 0.751953125 0 0.7059151787109375 0 1
0 0.3487723212890625 0.7240513388671875 0.375279017578125 0.712890625 0.3780691962890625 0.6808035712890625 0.4073660712890625 0.6808035712890625 0.405970982421875 0.6473214287109375 0.400390625 0.6068638388671875 0.3780691962890625 0.5929129462890625 0.37109375 0.5873325888671875 0.3515625 0.591517857421875 0.3487723212890625 0.6236049111328125 0.3445870537109375 0.6668526787109375 0.3431919638671875 0.7101004462890625 0.3487723212890625 0.7240513388671875
0 0.258091517578125 0.923549107421875 0.2804129462890625 0.908203125 0.2845982138671875 0.8761160712890625 0.267857142578125 0.8412388388671875 0.2427455361328125 0.8272879462890625 0.2273995537109375 0.8426339287109375 0.21484375 0.8816964287109375 0.2260044638671875 0.9109933037109375 0.258091517578125 0.923549107421875
0 0.122767857421875 0.1381138388671875 0.1590401787109375 0.146484375 0.171595982421875 0.1171875 0.1450892861328125 0.0948660712890625 0.1255580361328125 0.1046316962890625 0.122767857421875 0.1381138388671875
0 0.3111049111328125 0.0906808037109375 0.306919642578125 0.0613839287109375 0.283203125 0.033482142578125 0.2608816962890625 0.0265066962890625 0.249720982421875 0.0306919638671875 0.228794642578125 0.0558035712890625 0.2427455361328125 0.0906808037109375 0.2734375 0.093470982421875 0.3111049111328125 0.0906808037109375
0 0.3515625 0.9751674111328125 0.3529575888671875 0.9402901787109375 0.3306361611328125 0.9207589287109375 0.316685267578125 0.952845982421875 0.322265625 0.986328125 0.3306361611328125 1 0.3515625 0.9751674111328125
0 0.7547433037109375 0.8775111611328125 0.7338169638671875 0.8900669638671875 0.7296316962890625 0.923549107421875 0.757533482421875 0.943080357421875 0.785435267578125 0.9291294638671875 0.7798549111328125 0.8914620537109375 0.7547433037109375 0.8775111611328125
0 0.4031808037109375 0.8565848212890625 0.3989955361328125 0.8761160712890625 0.419921875 0.8956473212890625 0.439453125 0.892857142578125 0.4408482138671875 0.869140625 0.4213169638671875 0.8412388388671875 0.4031808037109375 0.8565848212890625
0 0.380859375 0.1088169638671875 0.366908482421875 0.0906808037109375 0.3599330361328125 0.1102120537109375 0.357142857421875 0.1492745537109375 0.3683035712890625 0.181361607421875 0.390625 0.166015625 0.385044642578125 0.132533482421875 0.380859375 0.1088169638671875
0 0.6124441962890625 0 0.5385044638671875 0.0013950888671875 0.5636160712890625 0.0279017861328125 0.590122767578125 0.043247767578125 0.6180245537109375 0.0279017861328125 0.6124441962890625 0
0 0.551060267578125 0.113002232421875 0.5301339287109375 0.1060267861328125 0.5092075888671875 0.1157924111328125 0.5147879462890625 0.132533482421875 0.532924107421875 0.1492745537109375 0.552455357421875 0.1353236611328125 0.551060267578125 0.113002232421875
0 0.650111607421875 0.648716517578125 0.6654575888671875 0.689174107421875 0.7156808037109375 0.717075892578125 0.7296316962890625 0.6919642861328125 0.717075892578125 0.6529017861328125 0.6863839287109375 0.648716517578125 0.650111607421875 0.648716517578125
0 0.5552455361328125 0.732421875 0.523158482421875 0.7352120537109375 0.5203683037109375 0.7700892861328125 0.551060267578125 0.785435267578125 0.571986607421875 0.7631138388671875 0.5552455361328125 0.732421875
0 0.248325892578125 0.404575892578125 0.2818080361328125 0.4366629462890625 0.3292410712890625 0.4478236611328125 0.341796875 0.414341517578125 0.318080357421875 0.3794642861328125 0.279017857421875 0.375279017578125 0.248325892578125 0.404575892578125
0 0.630580357421875 0.541294642578125 0.5984933037109375 0.537109375 0.580357142578125 0.5440848212890625 0.5984933037109375 0.5650111611328125 0.6263950888671875 0.5845424111328125 0.654296875 0.5831473212890625 0.648716517578125 0.5580357138671875 0.630580357421875 0.541294642578125