0 0.306640625 0.0404575888671875 0.2940848212890625 0.1004464287109375 0.3289620537109375 0.1576450888671875 0.390345982421875 0.179966517578125 0.408482142578125 0.2134486611328125 0.3345424111328125 0.2329799111328125 0.261997767578125 0.2553013388671875 0.253627232421875 0.3125 0.267578125 0.3292410712890625 0.312220982421875 0.326450892578125 0.3875558037109375 0.33203125 0.4308035712890625 0.33203125 0.476841517578125 0.3348214287109375 0.4949776787109375 0.308314732421875 0.4810267861328125 0.267857142578125 0.4852120537109375 0.234375 0.4949776787109375 0.2078683037109375 0.5047433037109375 0.171595982421875 0.5577566962890625 0.160435267578125 0.595424107421875 0.1590401787109375 0.6372767861328125 0.161830357421875 0.6791294638671875 0.171595982421875 0.711216517578125 0.181361607421875 0.697265625 0.2511160712890625 0.7084263388671875 0.3125 0.7433035712890625 0.316685267578125 0.7572544638671875 0.2845982138671875 0.7446986611328125 0.2371651787109375 0.769810267578125 0.1785714287109375 0.8018973212890625 0.1436941962890625 0.8158482138671875 0.1088169638671875 0.853515625 0.0669642861328125 0.8828125 0.0390625 0.888392857421875 0.004185267578125 0.341517857421875 0 0.3178013388671875 0.0125558037109375 0.306640625 0.0404575888671875
0 0 0 0.0122767861328125 0.025111607421875 0.0541294638671875 0.033482142578125 0.077845982421875 0.0418526787109375 0.0611049111328125 0.0851004462890625 0.0638950888671875 0.1339285712890625 0.0931919638671875 0.1576450888671875 0.135044642578125 0.15625 0.1727120537109375 0.1297433037109375 0.21875 0.068359375 0.248046875 0.0320870537109375 0.2940848212890625 0 0 0
0 0.2759486611328125 0.3487723212890625 0.287109375 0.375279017578125 0.3191964287109375 0.3780691962890625 0.3191964287109375 0.4073660712890625 0.3526785712890625 0.405970982421875 0.3931361611328125 0.400390625 0.4070870537109375 0.3780691962890625 0.4126674111328125 0.37109375 0.408482142578125 0.3515625 0.3763950888671875 0.3487723212890625 0.3331473212890625 0.3445870537109375 0.2898995537109375 0.3431919638671875 0.2759486611328125 0.3487723212890625
0 0.076450892578125 0.258091517578125 0.091796875 0.2804129462890625 0.1238839287109375 0.2845982138671875 0.1587611611328125 0.267857142578125 0.1727120537109375 0.2427455361328125 0.1573660712890625 0.2273995537109375 0.1183035712890625 0.21484375 0.0890066962890625 0.2260044638671875 0.076450892578125 0.258091517578125
0 0.8618861611328125 0.122767857421875 0.853515625 0.1590401787109375 0.8828125 0.171595982421875 0.9051339287109375 0.1450892861328125 0.8953683037109375 0.1255580361328125 0.8618861611328125 0.122767857421875
0 0.9093191962890625 0.3111049111328125 0.9386160712890625 0.306919642578125 0.966517857421875 0.283203125 0.9734933037109375 0.2608816962890625 0.9693080361328125 0.249720982421875 0.9441964287109375 0.228794642578125 0.9093191962890625 0.2427455361328125 0.906529017578125 0.2734375 0.9093191962890625 0.3111049111328125
0 0.0248325888671875 0.3515625 0.0597098212890625 0.3529575888671875 0.0792410712890625 0.3306361611328125 0.047154017578125 0.316685267578125 0.013671875 0.322265625 0 0.3306361611328125 0.0248325888671875 0.3515625
0 0.1224888388671875 0.7547433037109375 0.1099330361328125 0.7338169638671875 0.076450892578125 0.7296316962890625 0.056919642578125 0.757533482421875 0.0708705361328125 0.785435267578125 0.1085379462890625 0.7798549111328125 0.1224888388671875 0.7547433037109375
0 0.1434151787109375 0.4031808037109375 0.1238839287109375 0.3989955361328125 0.1043526787109375 0.419921875 0.107142857421875 0.439453125 0.130859375 0.4408482138671875 0.1587611611328125 0.4213169638671875 0.1434151787109375 0.4031808037109375
0 0.8911830361328125 0.380859375 0.9093191962890625 0.366908482421875 0.8897879462890625 0.3599330361328125 0.8507254462890625 0.357142857421875 0.818638392578125 0.3683035712890625 0.833984375 0.390625 0.867466517578125 0.385044642578125 0.8911830361328125 0.380859375
0 1 0.6124441962890625 0.9986049111328125 0.5385044638671875 0.9720982138671875 0.5636160712890625 0.956752232421875 0.590122767578125 0.9720982138671875 0.6180245537109375 1 0.6124441962890625
0 0.886997767578125 0.551060267578125 0.8939732138671875 0.5301339287109375 0.8842075888671875 0.5092075888671875 0.867466517578125 0.5147879462890625 0.8507254462890625 0.532924107421875 0.8646763388671875 0.552455357421875 0.886997767578125 0.551060267578125
0 0.351283482421875 0.650111607421875 0.310825892578125 0.6654575888671875 0.282924107421875 0.7156808037109375 0.3080357138671875 0.7296316962890625 0.3470982138671875 0.717075892578125 0.351283482421875 0.6863839287109375 0.351283482421875 0.650111607421875
0 0.267578125 0.5552455361328125 0.2647879462890625 0.523158482421875 0.2299107138671875 0.5203683037109375 0.214564732421875 0.551060267578125 0.2368861611328125 0.571986607421875 0.267578125 0.5552455361328125
0 0.595424107421875 0.248325892578125 0.5633370537109375 0.2818080361328125 0.5521763388671875 0.3292410712890625 0.585658482421875 0.341796875 0.6205357138671875 0.318080357421875 0.624720982421875 0.279017857421875 0.595424107421875 0.248325892578125
0 0.458705357421875 0.630580357421875 0.462890625 0.5984933037109375 0.4559151787109375 0.580357142578125 0.4349888388671875 0.5984933037109375 0.4154575888671875 0.6263950888671875 0.4168526787109375 0.654296875 0.4419642861328125 0.648716517578125 0.458705357421875 0.630580357421875