0 0.092075892578125 1 0.0851004462890625 0.974888392578125 0.072544642578125 0.917689732421875 0.0697544638671875 0.8353794638671875 0.0753348212890625 0.771205357421875 0.078125 0.691685267578125 0.0516183037109375 0.6749441962890625 0.025111607421875 0.6512276787109375 0 0.638671875 0.0027901787109375 1 0.092075892578125 1
0 0.2818080361328125 0.84375 0.2553013388671875 0.7781808037109375 0.1353236611328125 0.7237723212890625 0.1060267861328125 0.730747767578125 0.083705357421875 0.7628348212890625 0.0767299111328125 0.7963169638671875 0.082310267578125 0.8465401787109375 0.093470982421875 0.931640625 0.1088169638671875 0.995814732421875 0.3585379462890625 1 0.3125 0.9483816962890625 0.2818080361328125 0.84375
0 0.6026785712890625 0.907924107421875 0.3236607138671875 0.8018973212890625 0.3013392861328125 0.8046875 0.287388392578125 0.828404017578125 0.306919642578125 0.8939732138671875 0.3236607138671875 0.956752232421875 0.375279017578125 0.9986049111328125 0.7547433037109375 0.9986049111328125 0.6808035712890625 0.927455357421875 0.6026785712890625 0.907924107421875
0 0.816127232421875 0.917689732421875 0.8272879462890625 0.946986607421875 0.8523995537109375 0.990234375 0.869140625 1 0.99609375 0.994419642578125 0.9737723212890625 0.9093191962890625 0.9012276787109375 0.90234375 0.8231026787109375 0.9051339287109375 0.816127232421875 0.917689732421875
0 0.625 0.8897879462890625 0.678013392578125 0.9093191962890625 0.703125 0.8897879462890625 0.697544642578125 0.82421875 0.6668526787109375 0.545200892578125 0.6529017861328125 0.5884486611328125 0.6431361611328125 0.62890625 0.625 0.6693638388671875 0.5984933037109375 0.7042410712890625 0.5775669638671875 0.7349330361328125 0.552455357421875 0.730747767578125 0.537109375 0.7140066962890625 0.5106026787109375 0.720982142578125 0.4966517861328125 0.7349330361328125 0.4813058037109375 0.7642299111328125 0.511997767578125 0.8046875 0.552455357421875 0.820033482421875 0.5929129462890625 0.8618861611328125 0.625 0.8897879462890625
0 0.599888392578125 0.6456473212890625 0.591517857421875 0.603794642578125 0.5636160712890625 0.5982142861328125 0.5357142861328125 0.5968191962890625 0.5203683037109375 0.6261160712890625 0.5106026787109375 0.6665736611328125 0.5538504462890625 0.6749441962890625 0.581752232421875 0.677734375 0.599888392578125 0.6456473212890625
0 0.2943638388671875 0.7251674111328125 0.318080357421875 0.7391183037109375 0.345982142578125 0.740513392578125 0.37109375 0.7181919638671875 0.3780691962890625 0.6861049111328125 0.347377232421875 0.663783482421875 0.3097098212890625 0.66796875 0.2915736611328125 0.701450892578125 0.2943638388671875 0.7251674111328125
0 0.179966517578125 0.7265625 0.1981026787109375 0.7251674111328125 0.2134486611328125 0.702845982421875 0.210658482421875 0.673549107421875 0.191127232421875 0.654017857421875 0.1436941962890625 0.6665736611328125 0.13671875 0.6944754462890625 0.1395089287109375 0.7140066962890625 0.179966517578125 0.7265625
0 0.2064732138671875 0.429408482421875 0.189732142578125 0.4015066962890625 0.166015625 0.4015066962890625 0.1381138388671875 0.4070870537109375 0.132533482421875 0.4266183037109375 0.1283482138671875 0.4447544638671875 0.1353236611328125 0.4698660712890625 0.1674107138671875 0.4754464287109375 0.185546875 0.468470982421875 0.2036830361328125 0.447544642578125 0.2064732138671875 0.429408482421875
0 0.05859375 0.0611049111328125 0.0502232138671875 0.0904017861328125 0.062779017578125 0.1238839287109375 0.082310267578125 0.130859375 0.101841517578125 0.1322544638671875 0.126953125 0.1127232138671875 0.1297433037109375 0.0834263388671875 0.1157924111328125 0.0611049111328125 0.083705357421875 0.048549107421875 0.05859375 0.0611049111328125
0 0.717075892578125 0 0.679408482421875 0.013671875 0.68359375 0.056919642578125 0.718470982421875 0.0904017861328125 0.7435825888671875 0.1015625 0.747767857421875 0.154575892578125 0.771484375 0.164341517578125 0.804966517578125 0.1573660712890625 0.8607700888671875 0.1531808037109375 0.849609375 0.105747767578125 0.8412388388671875 0.0541294638671875 0.853794642578125 0.0066964287109375 0.717075892578125 0
0 0.5789620537109375 0.43359375 0.5984933037109375 0.443359375 0.6236049111328125 0.448939732421875 0.6473214287109375 0.4308035712890625 0.6473214287109375 0.404296875 0.650111607421875 0.370814732421875 0.5970982138671875 0.3722098212890625 0.571986607421875 0.380580357421875 0.5691964287109375 0.4140625 0.5789620537109375 0.43359375
0 0.25390625 0.3722098212890625 0.25390625 0.418247767578125 0.2608816962890625 0.4907924111328125 0.3138950888671875 0.5103236611328125 0.3627232138671875 0.497767857421875 0.361328125 0.4070870537109375 0.3529575888671875 0.384765625 0.2720424111328125 0.3526785712890625 0.25390625 0.3722098212890625
0 0.366908482421875 0.2661830361328125 0.3822544638671875 0.232700892578125 0.3515625 0.21875 0.279017857421875 0.224330357421875 0.269252232421875 0.3233816962890625 0.3055245537109375 0.331752232421875 0.3501674111328125 0.3443080361328125 0.3585379462890625 0.3247767861328125 0.366908482421875 0.2661830361328125
0 0.4715401787109375 0.310825892578125 0.453404017578125 0.267578125 0.4282924111328125 0.2173549111328125 0.4129464287109375 0.243861607421875 0.4213169638671875 0.263392857421875 0.404575892578125 0.3080357138671875 0.415736607421875 0.3443080361328125 0.4366629462890625 0.3624441962890625 0.4771205361328125 0.351283482421875 0.4715401787109375 0.310825892578125
0 0.336216517578125 0.0011160712890625 0.287388392578125 0.0053013388671875 0.2845982138671875 0.0848214287109375 0.2957589287109375 0.1420200888671875 0.298549107421875 0.1824776787109375 0.327845982421875 0.146205357421875 0.3250558037109375 0.0834263388671875 0.3404017861328125 0.0499441962890625 0.336216517578125 0.0011160712890625
0 0.7449776787109375 0.535435267578125 0.771484375 0.55078125 0.7645089287109375 0.595424107421875 0.7547433037109375 0.6470424111328125 0.732421875 0.722377232421875 0.7296316962890625 0.7628348212890625 0.746372767578125 0.814453125 0.7742745537109375 0.8060825888671875 0.806361607421875 0.8074776787109375 0.883091517578125 0.8018973212890625 0.9444754462890625 0.8046875 0.87890625 0.541015625 0.7938058037109375 0.527064732421875 0.7449776787109375 0.535435267578125