0 0.907924107421875 0 0.9148995537109375 0.025111607421875 0.927455357421875 0.082310267578125 0.9302455361328125 0.1646205361328125 0.9246651787109375 0.228794642578125 0.921875 0.308314732421875 0.9483816962890625 0.3250558037109375 0.974888392578125 0.3487723212890625 1 0.361328125 0.9972098212890625 0 0.907924107421875 0
0 0.7181919638671875 0.15625 0.7446986611328125 0.2218191962890625 0.8646763388671875 0.2762276787109375 0.8939732138671875 0.269252232421875 0.916294642578125 0.2371651787109375 0.9232700888671875 0.2036830361328125 0.917689732421875 0.1534598212890625 0.906529017578125 0.068359375 0.8911830361328125 0.004185267578125 0.6414620537109375 0 0.6875 0.0516183037109375 0.7181919638671875 0.15625
0 0.3973214287109375 0.092075892578125 0.6763392861328125 0.1981026787109375 0.6986607138671875 0.1953125 0.712611607421875 0.171595982421875 0.693080357421875 0.1060267861328125 0.6763392861328125 0.043247767578125 0.624720982421875 0.0013950888671875 0.2452566962890625 0.0013950888671875 0.3191964287109375 0.072544642578125 0.3973214287109375 0.092075892578125
0 0.183872767578125 0.082310267578125 0.1727120537109375 0.053013392578125 0.1476004462890625 0.009765625 0.130859375 0 0.00390625 0.005580357421875 0.0262276787109375 0.0906808037109375 0.0987723212890625 0.09765625 0.1768973212890625 0.0948660712890625 0.183872767578125 0.082310267578125
0 0.375 0.1102120537109375 0.321986607421875 0.0906808037109375 0.296875 0.1102120537109375 0.302455357421875 0.17578125 0.3331473212890625 0.454799107421875 0.3470982138671875 0.4115513388671875 0.3568638388671875 0.37109375 0.375 0.3306361611328125 0.4015066962890625 0.2957589287109375 0.4224330361328125 0.2650669638671875 0.447544642578125 0.269252232421875 0.462890625 0.2859933037109375 0.4893973212890625 0.279017857421875 0.5033482138671875 0.2650669638671875 0.5186941962890625 0.2357700888671875 0.488002232421875 0.1953125 0.447544642578125 0.179966517578125 0.4070870537109375 0.1381138388671875 0.375 0.1102120537109375
0 0.400111607421875 0.3543526787109375 0.408482142578125 0.396205357421875 0.4363839287109375 0.4017857138671875 0.4642857138671875 0.4031808037109375 0.4796316962890625 0.3738839287109375 0.4893973212890625 0.3334263388671875 0.4461495537109375 0.3250558037109375 0.418247767578125 0.322265625 0.400111607421875 0.3543526787109375
0 0.7056361611328125 0.2748325888671875 0.681919642578125 0.2608816962890625 0.654017857421875 0.259486607421875 0.62890625 0.2818080361328125 0.6219308037109375 0.3138950888671875 0.652622767578125 0.336216517578125 0.6902901787109375 0.33203125 0.7084263388671875 0.298549107421875 0.7056361611328125 0.2748325888671875
0 0.820033482421875 0.2734375 0.8018973212890625 0.2748325888671875 0.7865513388671875 0.297154017578125 0.789341517578125 0.326450892578125 0.808872767578125 0.345982142578125 0.8563058037109375 0.3334263388671875 0.86328125 0.3055245537109375 0.8604910712890625 0.2859933037109375 0.820033482421875 0.2734375
0 0.7935267861328125 0.570591517578125 0.810267857421875 0.5984933037109375 0.833984375 0.5984933037109375 0.8618861611328125 0.5929129462890625 0.867466517578125 0.5733816962890625 0.8716517861328125 0.5552455361328125 0.8646763388671875 0.5301339287109375 0.8325892861328125 0.5245535712890625 0.814453125 0.531529017578125 0.7963169638671875 0.552455357421875 0.7935267861328125 0.570591517578125
0 0.94140625 0.9388950888671875 0.9497767861328125 0.9095982138671875 0.937220982421875 0.8761160712890625 0.917689732421875 0.869140625 0.898158482421875 0.8677455361328125 0.873046875 0.8872767861328125 0.8702566962890625 0.9165736611328125 0.8842075888671875 0.9388950888671875 0.916294642578125 0.951450892578125 0.94140625 0.9388950888671875
0 0.282924107421875 1 0.320591517578125 0.986328125 0.31640625 0.943080357421875 0.281529017578125 0.9095982138671875 0.2564174111328125 0.8984375 0.252232142578125 0.845424107421875 0.228515625 0.835658482421875 0.195033482421875 0.8426339287109375 0.1392299111328125 0.8468191962890625 0.150390625 0.894252232421875 0.1587611611328125 0.9458705361328125 0.146205357421875 0.9933035712890625 0.282924107421875 1
0 0.4210379462890625 0.56640625 0.4015066962890625 0.556640625 0.3763950888671875 0.551060267578125 0.3526785712890625 0.5691964287109375 0.3526785712890625 0.595703125 0.349888392578125 0.629185267578125 0.4029017861328125 0.6277901787109375 0.428013392578125 0.619419642578125 0.4308035712890625 0.5859375 0.4210379462890625 0.56640625
0 0.74609375 0.6277901787109375 0.74609375 0.581752232421875 0.7391183037109375 0.5092075888671875 0.6861049111328125 0.4896763388671875 0.6372767861328125 0.502232142578125 0.638671875 0.5929129462890625 0.6470424111328125 0.615234375 0.7279575888671875 0.6473214287109375 0.74609375 0.6277901787109375
0 0.633091517578125 0.7338169638671875 0.6177455361328125 0.767299107421875 0.6484375 0.78125 0.720982142578125 0.775669642578125 0.730747767578125 0.6766183037109375 0.6944754462890625 0.668247767578125 0.6498325888671875 0.6556919638671875 0.6414620537109375 0.6752232138671875 0.633091517578125 0.7338169638671875
0 0.5284598212890625 0.689174107421875 0.546595982421875 0.732421875 0.5717075888671875 0.7826450888671875 0.5870535712890625 0.756138392578125 0.5786830361328125 0.736607142578125 0.595424107421875 0.6919642861328125 0.584263392578125 0.6556919638671875 0.5633370537109375 0.6375558037109375 0.5228794638671875 0.648716517578125 0.5284598212890625 0.689174107421875
0 0.663783482421875 0.9988839287109375 0.712611607421875 0.9946986611328125 0.7154017861328125 0.9151785712890625 0.7042410712890625 0.8579799111328125 0.701450892578125 0.8175223212890625 0.672154017578125 0.853794642578125 0.6749441962890625 0.9165736611328125 0.6595982138671875 0.9500558037109375 0.663783482421875 0.9988839287109375
0 0.2550223212890625 0.464564732421875 0.228515625 0.44921875 0.2354910712890625 0.404575892578125 0.2452566962890625 0.3529575888671875 0.267578125 0.277622767578125 0.2703683037109375 0.2371651787109375 0.253627232421875 0.185546875 0.2257254462890625 0.1939174111328125 0.193638392578125 0.1925223212890625 0.116908482421875 0.1981026787109375 0.0555245537109375 0.1953125 0.12109375 0.458984375 0.2061941962890625 0.472935267578125 0.2550223212890625 0.464564732421875