0 0 0.092075892578125 0.025111607421875 0.0851004462890625 0.082310267578125 0.072544642578125 0.1646205361328125 0.0697544638671875 0.228794642578125 0.0753348212890625 0.308314732421875 0.078125 0.3250558037109375 0.0516183037109375 0.3487723212890625 0.025111607421875 0.361328125 0 0 0.0027901787109375 0 0.092075892578125
0 0.15625 0.2818080361328125 0.2218191962890625 0.2553013388671875 0.2762276787109375 0.1353236611328125 0.269252232421875 0.1060267861328125 0.2371651787109375 0.083705357421875 0.2036830361328125 0.0767299111328125 0.1534598212890625 0.082310267578125 0.068359375 0.093470982421875 0.004185267578125 0.1088169638671875 0 0.3585379462890625 0.0516183037109375 0.3125 0.15625 0.2818080361328125
0 0.092075892578125 0.6026785712890625 0.1981026787109375 0.3236607138671875 0.1953125 0.3013392861328125 0.171595982421875 0.287388392578125 0.1060267861328125 0.306919642578125 0.043247767578125 0.3236607138671875 0.0013950888671875 0.375279017578125 0.0013950888671875 0.7547433037109375 0.072544642578125 0.6808035712890625 0.092075892578125 0.6026785712890625
0 0.082310267578125 0.816127232421875 0.053013392578125 0.8272879462890625 0.009765625 0.8523995537109375 0 0.869140625 0.005580357421875 0.99609375 0.0906808037109375 0.9737723212890625 0.09765625 0.9012276787109375 0.0948660712890625 0.8231026787109375 0.082310267578125 0.816127232421875
0 0.1102120537109375 0.625 0.0906808037109375 0.678013392578125 0.1102120537109375 0.703125 0.17578125 0.697544642578125 0.454799107421875 0.6668526787109375 0.4115513388671875 0.6529017861328125 0.37109375 0.6431361611328125 0.3306361611328125 0.625 0.2957589287109375 0.5984933037109375 0.2650669638671875 0.5775669638671875 0.269252232421875 0.552455357421875 0.2859933037109375 0.537109375 0.279017857421875 0.5106026787109375 0.2650669638671875 0.4966517861328125 0.2357700888671875 0.4813058037109375 0.1953125 0.511997767578125 0.179966517578125 0.552455357421875 0.1381138388671875 0.5929129462890625 0.1102120537109375 0.625
0 0.3543526787109375 0.599888392578125 0.396205357421875 0.591517857421875 0.4017857138671875 0.5636160712890625 0.4031808037109375 0.5357142861328125 0.3738839287109375 0.5203683037109375 0.3334263388671875 0.5106026787109375 0.3250558037109375 0.5538504462890625 0.322265625 0.581752232421875 0.3543526787109375 0.599888392578125
0 0.2748325888671875 0.2943638388671875 0.2608816962890625 0.318080357421875 0.259486607421875 0.345982142578125 0.2818080361328125 0.37109375 0.3138950888671875 0.3780691962890625 0.336216517578125 0.347377232421875 0.33203125 0.3097098212890625 0.298549107421875 0.2915736611328125 0.2748325888671875 0.2943638388671875
0 0.2734375 0.179966517578125 0.2748325888671875 0.1981026787109375 0.297154017578125 0.2134486611328125 0.326450892578125 0.210658482421875 0.345982142578125 0.191127232421875 0.3334263388671875 0.1436941962890625 0.3055245537109375 0.13671875 0.2859933037109375 0.1395089287109375 0.2734375 0.179966517578125
0 0.570591517578125 0.2064732138671875 0.5984933037109375 0.189732142578125 0.5984933037109375 0.166015625 0.5929129462890625 0.1381138388671875 0.5733816962890625 0.132533482421875 0.5552455361328125 0.1283482138671875 0.5301339287109375 0.1353236611328125 0.5245535712890625 0.1674107138671875 0.531529017578125 0.185546875 0.552455357421875 0.2036830361328125 0.570591517578125 0.2064732138671875
0 0.9388950888671875 0.05859375 0.9095982138671875 0.0502232138671875 0.8761160712890625 0.062779017578125 0.869140625 0.082310267578125 0.8677455361328125 0.101841517578125 0.8872767861328125 0.126953125 0.9165736611328125 0.1297433037109375 0.9388950888671875 0.1157924111328125 0.951450892578125 0.083705357421875 0.9388950888671875 0.05859375
0 1 0.717075892578125 0.986328125 0.679408482421875 0.943080357421875 0.68359375 0.9095982138671875 0.718470982421875 0.8984375 0.7435825888671875 0.845424107421875 0.747767857421875 0.835658482421875 0.771484375 0.8426339287109375 0.804966517578125 0.8468191962890625 0.8607700888671875 0.894252232421875 0.849609375 0.9458705361328125 0.8412388388671875 0.9933035712890625 0.853794642578125 1 0.717075892578125
0 0.56640625 0.5789620537109375 0.556640625 0.5984933037109375 0.551060267578125 0.6236049111328125 0.5691964287109375 0.6473214287109375 0.595703125 0.6473214287109375 0.629185267578125 0.650111607421875 0.6277901787109375 0.5970982138671875 0.619419642578125 0.571986607421875 0.5859375 0.5691964287109375 0.56640625 0.5789620537109375
0 0.6277901787109375 0.25390625 0.581752232421875 0.25390625 0.5092075888671875 0.2608816962890625 0.4896763388671875 0.3138950888671875 0.502232142578125 0.3627232138671875 0.5929129462890625 0.361328125 0.615234375 0.3529575888671875 0.6473214287109375 0.2720424111328125 0.6277901787109375 0.25390625
0 0.7338169638671875 0.366908482421875 0.767299107421875 0.3822544638671875 0.78125 0.3515625 0.775669642578125 0.279017857421875 0.6766183037109375 0.269252232421875 0.668247767578125 0.3055245537109375 0.6556919638671875 0.3501674111328125 0.6752232138671875 0.3585379462890625 0.7338169638671875 0.366908482421875
0 0.689174107421875 0.4715401787109375 0.732421875 0.453404017578125 0.7826450888671875 0.4282924111328125 0.756138392578125 0.4129464287109375 0.736607142578125 0.4213169638671875 0.6919642861328125 0.404575892578125 0.6556919638671875 0.415736607421875 0.6375558037109375 0.4366629462890625 0.648716517578125 0.4771205361328125 0.689174107421875 0.4715401787109375
0 0.9988839287109375 0.336216517578125 0.9946986611328125 0.287388392578125 0.9151785712890625 0.2845982138671875 0.8579799111328125 0.2957589287109375 0.8175223212890625 0.298549107421875 0.853794642578125 0.327845982421875 0.9165736611328125 0.3250558037109375 0.9500558037109375 0.3404017861328125 0.9988839287109375 0.336216517578125
0 0.464564732421875 0.7449776787109375 0.44921875 0.771484375 0.404575892578125 0.7645089287109375 0.3529575888671875 0.7547433037109375 0.277622767578125 0.732421875 0.2371651787109375 0.7296316962890625 0.185546875 0.746372767578125 0.1939174111328125 0.7742745537109375 0.1925223212890625 0.806361607421875 0.1981026787109375 0.883091517578125 0.1953125 0.9444754462890625 0.458984375 0.87890625 0.472935267578125 0.7938058037109375 0.464564732421875 0.7449776787109375